2.00 41.00 21.50
42.00 81.00 61.50
82.00 121.00 101.50
122.00 161.00 141.50
162.00 201.00 181.50
202.00 241.00 221.50
242.00 281.00 261.50
282.00 321.00 301.50
322.00 361.00 341.50
362.00 401.00 381.50
402.00 441.00 421.50
442.00 481.00 461.50
482.00 521.00 501.50
522.00 561.00 541.50
562.00 601.00 581.50
602.00 641.00 621.50
642.00 681.00 661.50
682.00 721.00 701.50
722.00 761.00 741.50
762.00 801.00 781.50
802.00 841.00 821.50
842.00 881.00 861.50
882.00 921.00 901.50
922.00 961.00 941.50
962.00 1001.00 981.50
1002.00 1041.00 1021.50
1042.00 1081.00 1061.50
1082.00 1121.00 1101.50
1122.00 1161.00 1141.50
1162.00 1201.00 1181.50
1202.00 1241.00 1221.50
1242.00 1281.00 1261.50
1282.00 1321.00 1301.50
1322.00 1361.00 1341.50
1362.00 1401.00 1381.50
1402.00 1441.00 1421.50
1442.00 1481.00 1461.50
1482.00 1521.00 1501.50
1522.00 1561.00 1541.50
1562.00 1601.00 1581.50
1602.00 1641.00 1621.50
1642.00 1681.00 1661.50
1682.00 1721.00 1701.50
1722.00 1761.00 1741.50
1762.00 1801.00 1781.50
1802.00 1841.00 1821.50
1842.00 1881.00 1861.50
1882.00 1921.00 1901.50
1922.00 1961.00 1941.50
1962.00 2001.00 1981.50
2002.00 2041.00 2021.50
2042.00 2081.00 2061.50
2082.00 2121.00 2101.50
2122.00 2161.00 2141.50
2162.00 2201.00 2181.50
2202.00 2241.00 2221.50
2242.00 2281.00 2261.50
2282.00 2321.00 2301.50
2322.00 2361.00 2341.50
2362.00 2401.00 2381.50
2402.00 2441.00 2421.50
2442.00 2481.00 2461.50
2482.00 2521.00 2501.50
2522.00 2561.00 2541.50
2562.00 2601.00 2581.50
2602.00 2641.00 2621.50
2642.00 2681.00 2661.50
2682.00 2721.00 2701.50
2722.00 2761.00 2741.50
2762.00 2801.00 2781.50
2802.00 2841.00 2821.50
2842.00 2881.00 2861.50
2882.00 2921.00 2901.50
2922.00 2961.00 2941.50
2962.00 3001.00 2981.50
3002.00 3041.00 3021.50
3042.00 3081.00 3061.50
3082.00 3121.00 3101.50
3122.00 3161.00 3141.50
3162.00 3201.00 3181.50
3202.00 3241.00 3221.50
3242.00 3281.00 3261.50
3282.00 3321.00 3301.50
3322.00 3361.00 3341.50
3362.00 3401.00 3381.50
3402.00 3441.00 3421.50
3442.00 3481.00 3461.50
3482.00 3521.00 3501.50
3522.00 3561.00 3541.50
3562.00 3601.00 3581.50
3602.00 3641.00 3621.50
3642.00 3681.00 3661.50
3682.00 3721.00 3701.50
3722.00 3761.00 3741.50
3762.00 3801.00 3781.50
3802.00 3841.00 3821.50
3842.00 3881.00 3861.50
3882.00 3921.00 3901.50
3922.00 3961.00 3941.50
3962.00 4001.00 3981.50
4002.00 4041.00 4021.50
4042.00 4081.00 4061.50
4082.00 4121.00 4101.50
4122.00 4161.00 4141.50
4162.00 4201.00 4181.50
4202.00 4241.00 4221.50
4242.00 4281.00 4261.50
4282.00 4321.00 4301.50
4322.00 4361.00 4341.50
4362.00 4401.00 4381.50
4402.00 4441.00 4421.50
4442.00 4481.00 4461.50
4482.00 4521.00 4501.50
4522.00 4561.00 4541.50
4562.00 4601.00 4581.50
4602.00 4641.00 4621.50
4642.00 4681.00 4661.50
4682.00 4721.00 4701.50
4722.00 4761.00 4741.50
4762.00 4801.00 4781.50
4802.00 4841.00 4821.50
4842.00 4881.00 4861.50
4882.00 4921.00 4901.50
4922.00 4961.00 4941.50
4962.00 5001.00 4981.50
5002.00 5041.00 5021.50
5042.00 5081.00 5061.50
5082.00 5121.00 5101.50
5122.00 5161.00 5141.50
5162.00 5201.00 5181.50
5202.00 5241.00 5221.50
5242.00 5281.00 5261.50
5282.00 5321.00 5301.50
5322.00 5361.00 5341.50
5362.00 5401.00 5381.50
5402.00 5441.00 5421.50
5442.00 5481.00 5461.50
5482.00 5521.00 5501.50
5522.00 5561.00 5541.50
5562.00 5601.00 5581.50
5602.00 5641.00 5621.50
5642.00 5681.00 5661.50
5682.00 5721.00 5701.50
5722.00 5761.00 5741.50
5762.00 5801.00 5781.50
5802.00 5841.00 5821.50
5842.00 5881.00 5861.50
5882.00 5921.00 5901.50
5922.00 5961.00 5941.50
5962.00 6001.00 5981.50
6002.00 6041.00 6021.50
6042.00 6081.00 6061.50
6082.00 6121.00 6101.50
6122.00 6161.00 6141.50
6162.00 6201.00 6181.50
6202.00 6241.00 6221.50
6242.00 6281.00 6261.50
6282.00 6321.00 6301.50
6322.00 6361.00 6341.50
6362.00 6401.00 6381.50
6402.00 6441.00 6421.50
6442.00 6481.00 6461.50
6482.00 6521.00 6501.50
6522.00 6561.00 6541.50
6562.00 6601.00 6581.50
6602.00 6641.00 6621.50
6642.00 6681.00 6661.50
6682.00 6721.00 6701.50
6722.00 6761.00 6741.50
6762.00 6801.00 6781.50
6802.00 6841.00 6821.50
6842.00 6881.00 6861.50
6882.00 6921.00 6901.50
6922.00 6961.00 6941.50
6962.00 7001.00 6981.50
7002.00 7041.00 7021.50
7042.00 7081.00 7061.50
7082.00 7121.00 7101.50
7122.00 7161.00 7141.50
7162.00 7201.00 7181.50
7202.00 7241.00 7221.50
7242.00 7281.00 7261.50
7282.00 7321.00 7301.50
7322.00 7361.00 7341.50
7362.00 7401.00 7381.50
7402.00 7441.00 7421.50
7442.00 7481.00 7461.50
7482.00 7521.00 7501.50
7522.00 7561.00 7541.50
7562.00 7601.00 7581.50
7602.00 7641.00 7621.50
7642.00 7681.00 7661.50
7682.00 7721.00 7701.50
7722.00 7761.00 7741.50
7762.00 7801.00 7781.50
7802.00 7841.00 7821.50
7842.00 7881.00 7861.50
7882.00 7921.00 7901.50
7922.00 7961.00 7941.50
7962.00 8001.00 7981.50
8002.00 8041.00 8021.50
8042.00 8081.00 8061.50
8082.00 8121.00 8101.50
8122.00 8161.00 8141.50
8162.00 8201.00 8181.50
8202.00 8241.00 8221.50
8242.00 8281.00 8261.50
8282.00 8321.00 8301.50
8322.00 8361.00 8341.50
8362.00 8401.00 8381.50
8402.00 8441.00 8421.50
8442.00 8481.00 8461.50
8482.00 8521.00 8501.50
8522.00 8561.00 8541.50
8562.00 8601.00 8581.50
8602.00 8641.00 8621.50
8642.00 8681.00 8661.50
8682.00 8721.00 8701.50
8722.00 8761.00 8741.50
8762.00 8801.00 8781.50
8802.00 8841.00 8821.50
8842.00 8881.00 8861.50
8882.00 8921.00 8901.50
8922.00 8961.00 8941.50
8962.00 9001.00 8981.50
9002.00 9041.00 9021.50
9042.00 9081.00 9061.50
9082.00 9121.00 9101.50
9122.00 9161.00 9141.50
9162.00 9201.00 9181.50
9202.00 9241.00 9221.50
9242.00 9281.00 9261.50
9282.00 9321.00 9301.50
9322.00 9361.00 9341.50
9362.00 9401.00 9381.50
9402.00 9441.00 9421.50
9442.00 9481.00 9461.50
9482.00 9521.00 9501.50
9522.00 9561.00 9541.50
9562.00 9601.00 9581.50
9602.00 9641.00 9621.50
9642.00 9681.00 9661.50
9682.00 9721.00 9701.50
9722.00 9761.00 9741.50
9762.00 9801.00 9781.50
9802.00 9841.00 9821.50
9842.00 9881.00 9861.50
9882.00 9921.00 9901.50
9922.00 9961.00 9941.50
9962.00 10001.00 9981.50
10002.00 10041.00 10021.50
10042.00 10081.00 10061.50
10082.00 10121.00 10101.50
10122.00 10161.00 10141.50
10162.00 10201.00 10181.50
10202.00 10241.00 10221.50
10242.00 10281.00 10261.50
10282.00 10321.00 10301.50
10322.00 10361.00 10341.50
10362.00 10401.00 10381.50
10402.00 10441.00 10421.50
10442.00 10481.00 10461.50
10482.00 10521.00 10501.50
10522.00 10561.00 10541.50
10562.00 10601.00 10581.50
10602.00 10641.00 10621.50
10642.00 10681.00 10661.50
10682.00 10721.00 10701.50
10722.00 10761.00 10741.50
10762.00 10801.00 10781.50
10802.00 10841.00 10821.50
10842.00 10881.00 10861.50
10882.00 10921.00 10901.50
10922.00 10961.00 10941.50
10962.00 11001.00 10981.50
11002.00 11041.00 11021.50
11042.00 11081.00 11061.50
11082.00 11121.00 11101.50
11122.00 11161.00 11141.50
11162.00 11201.00 11181.50
11202.00 11241.00 11221.50
11242.00 11281.00 11261.50
11282.00 11321.00 11301.50
11322.00 11361.00 11341.50
11362.00 11401.00 11381.50
11402.00 11441.00 11421.50
11442.00 11481.00 11461.50
11482.00 11521.00 11501.50
11522.00 11561.00 11541.50
11562.00 11601.00 11581.50
11602.00 11641.00 11621.50
11642.00 11681.00 11661.50
11682.00 11721.00 11701.50
11722.00 11761.00 11741.50
11762.00 11801.00 11781.50
11802.00 11841.00 11821.50
11842.00 11881.00 11861.50
11882.00 11921.00 11901.50
11922.00 11961.00 11941.50
11962.00 12001.00 11981.50
12002.00 12041.00 12021.50
12042.00 12081.00 12061.50
12082.00 12121.00 12101.50
12122.00 12161.00 12141.50
12162.00 12201.00 12181.50
12202.00 12241.00 12221.50
12242.00 12281.00 12261.50
12282.00 12321.00 12301.50
12322.00 12361.00 12341.50
12362.00 12401.00 12381.50
12402.00 12441.00 12421.50
12442.00 12481.00 12461.50
12482.00 12521.00 12501.50
12522.00 12561.00 12541.50
12562.00 12601.00 12581.50
12602.00 12641.00 12621.50
12642.00 12681.00 12661.50
12682.00 12721.00 12701.50
12722.00 12761.00 12741.50
12762.00 12801.00 12781.50
12802.00 12841.00 12821.50
12842.00 12881.00 12861.50
12882.00 12921.00 12901.50
12922.00 12961.00 12941.50
12962.00 13001.00 12981.50
13002.00 13041.00 13021.50
13042.00 13081.00 13061.50
13082.00 13121.00 13101.50
13122.00 13161.00 13141.50
13162.00 13201.00 13181.50
13202.00 13241.00 13221.50
13242.00 13281.00 13261.50
13282.00 13321.00 13301.50
13322.00 13361.00 13341.50
13362.00 13401.00 13381.50
13402.00 13441.00 13421.50
13442.00 13481.00 13461.50
13482.00 13521.00 13501.50
13522.00 13561.00 13541.50
13562.00 13601.00 13581.50
13602.00 13641.00 13621.50
13642.00 13681.00 13661.50
13682.00 13721.00 13701.50
13722.00 13761.00 13741.50
13762.00 13801.00 13781.50
13802.00 13841.00 13821.50
13842.00 13881.00 13861.50
13882.00 13921.00 13901.50
13922.00 13961.00 13941.50
13962.00 14001.00 13981.50
14002.00 14041.00 14021.50
14042.00 14081.00 14061.50
14082.00 14121.00 14101.50
14122.00 14161.00 14141.50
14162.00 14201.00 14181.50
14202.00 14241.00 14221.50
14242.00 14281.00 14261.50
14282.00 14321.00 14301.50
14322.00 14361.00 14341.50
14362.00 14401.00 14381.50
14402.00 14441.00 14421.50
14442.00 14481.00 14461.50
14482.00 14521.00 14501.50
14522.00 14561.00 14541.50
14562.00 14601.00 14581.50
14602.00 14641.00 14621.50
14642.00 14681.00 14661.50
14682.00 14721.00 14701.50
14722.00 14761.00 14741.50
14762.00 14801.00 14781.50
14802.00 14841.00 14821.50
14842.00 14881.00 14861.50
14882.00 14921.00 14901.50
14922.00 14961.00 14941.50
14962.00 15001.00 14981.50
15002.00 15041.00 15021.50
15042.00 15081.00 15061.50
15082.00 15121.00 15101.50
15122.00 15161.00 15141.50
15162.00 15201.00 15181.50
15202.00 15241.00 15221.50
15242.00 15281.00 15261.50
15282.00 15321.00 15301.50
15322.00 15361.00 15341.50
15362.00 15401.00 15381.50
15402.00 15441.00 15421.50
15442.00 15481.00 15461.50
15482.00 15521.00 15501.50
15522.00 15561.00 15541.50
15562.00 15601.00 15581.50
15602.00 15641.00 15621.50
15642.00 15681.00 15661.50
15682.00 15721.00 15701.50
15722.00 15761.00 15741.50
15762.00 15801.00 15781.50
15802.00 15841.00 15821.50
15842.00 15881.00 15861.50
15882.00 15921.00 15901.50
15922.00 15961.00 15941.50
15962.00 16001.00 15981.50
16002.00 16041.00 16021.50
16042.00 16081.00 16061.50
16082.00 16121.00 16101.50
16122.00 16161.00 16141.50
16162.00 16201.00 16181.50
16202.00 16241.00 16221.50
16242.00 16281.00 16261.50
16282.00 16321.00 16301.50
16322.00 16361.00 16341.50
16362.00 16401.00 16381.50
16402.00 16441.00 16421.50
16442.00 16481.00 16461.50
16482.00 16521.00 16501.50
16522.00 16561.00 16541.50
16562.00 16601.00 16581.50
16602.00 16641.00 16621.50
16642.00 16681.00 16661.50
16682.00 16721.00 16701.50
16722.00 16761.00 16741.50
16762.00 16801.00 16781.50
16802.00 16841.00 16821.50
16842.00 16881.00 16861.50
16882.00 16921.00 16901.50
16922.00 16961.00 16941.50
16962.00 17001.00 16981.50
17002.00 17041.00 17021.50
17042.00 17081.00 17061.50
17082.00 17121.00 17101.50
17122.00 17161.00 17141.50
17162.00 17201.00 17181.50
17202.00 17241.00 17221.50
17242.00 17281.00 17261.50
17282.00 17321.00 17301.50
17322.00 17361.00 17341.50
17362.00 17401.00 17381.50
17402.00 17441.00 17421.50
17442.00 17481.00 17461.50
17482.00 17521.00 17501.50
17522.00 17561.00 17541.50
17562.00 17601.00 17581.50
17602.00 17641.00 17621.50
17642.00 17681.00 17661.50
17682.00 17721.00 17701.50
17722.00 17761.00 17741.50
17762.00 17801.00 17781.50
17802.00 17841.00 17821.50
17842.00 17881.00 17861.50
17882.00 17921.00 17901.50
17922.00 17961.00 17941.50
17962.00 18001.00 17981.50
18002.00 18041.00 18021.50
18042.00 18081.00 18061.50
18082.00 18121.00 18101.50
18122.00 18161.00 18141.50
18162.00 18201.00 18181.50
18202.00 18241.00 18221.50
18242.00 18281.00 18261.50
18282.00 18321.00 18301.50
18322.00 18361.00 18341.50
18362.00 18401.00 18381.50
18402.00 18441.00 18421.50
18442.00 18481.00 18461.50
18482.00 18521.00 18501.50
18522.00 18561.00 18541.50
18562.00 18601.00 18581.50
18602.00 18641.00 18621.50
18642.00 18681.00 18661.50
18682.00 18721.00 18701.50
18722.00 18761.00 18741.50
18762.00 18801.00 18781.50
18802.00 18841.00 18821.50
18842.00 18881.00 18861.50
18882.00 18921.00 18901.50
18922.00 18961.00 18941.50
18962.00 19001.00 18981.50
19002.00 19041.00 19021.50
19042.00 19081.00 19061.50
19082.00 19121.00 19101.50
19122.00 19161.00 19141.50
19162.00 19201.00 19181.50
19202.00 19241.00 19221.50
19242.00 19281.00 19261.50
19282.00 19321.00 19301.50
19322.00 19361.00 19341.50
19362.00 19401.00 19381.50
19402.00 19441.00 19421.50
19442.00 19481.00 19461.50
19482.00 19521.00 19501.50
19522.00 19561.00 19541.50
19562.00 19601.00 19581.50
19602.00 19641.00 19621.50
19642.00 19681.00 19661.50
19682.00 19721.00 19701.50
19722.00 19761.00 19741.50
19762.00 19801.00 19781.50
19802.00 19841.00 19821.50
19842.00 19881.00 19861.50
19882.00 19921.00 19901.50
19922.00 19961.00 19941.50
19962.00 20001.00 19981.50
